
target_point_list = [[11, 25]]
map_10x10
start_point_list = [[0, 0], [4, 0], [0, 9]]
target_point_list = [[8, 9]]

map_100x100
start_point_list = [[2, 1], [31, 1], [56, 10]]
target_point_list = [[95, 99]]

direction_test:
environment_grid_32x32:
target_point = [1, 1]
start_point_list = [[0, 30], [2, 30], [4, 30], [6, 30], [8, 30], [10, 30],
                    [12, 30], [14, 30], [16, 30], [18, 30], [20, 30],
                    [22, 30], [24, 30], [26, 30], [28, 30], [30, 30], [1, 31],
                    [3, 31], [5, 31], [7, 31], [9, 31], [11, 31], [13, 31],
                    [15, 31], [17, 31], [19, 31], [21, 31], [23, 31],
                    [25, 31], [27, 31], [29, 31], [31, 31]]

map_32x32_4:
target_point = [1, 1]
start_point_list = [[0, 30], [2, 30], [4, 31], [6, 30], [8, 30], [10, 30],
                    [12, 30], [14, 31], [16, 31], [18, 31], [20, 30],
                    [22, 30], [24, 31], [26, 30], [28, 30], [30, 31], [1, 31],
                    [3, 31], [5, 31], [7, 31], [10, 31], [11, 31], [13, 31],
                    [15, 31], [17, 31], [18, 31], [21, 31], [23, 31],
                    [25, 31], [27, 31], [29, 31], [31, 31]]

Random_32x32_.3.txt
target_point = [1, 1]
start_point_list = [[0, 30], [2, 30], [4, 29], [6, 30], [8, 30], [10, 31],
                    [12, 30], [14, 29], [16, 30], [18, 30], [20, 30],
                    [22, 30], [24, 31], [26, 30], [28, 31], [30, 31], [1, 30],
                    [3, 31], [5, 30], [7, 31], [9, 31], [11, 29], [13, 30],
                    [15, 31], [17, 31], [19, 30], [21, 31], [23, 31],
                    [25, 31], [27, 31], [29, 31], [31, 30]]

Random_32x32_.4.txt
target_point = [1, 1]
start_point_list = [[0, 30], [1, 31], [2, 30],[3, 31], [4, 29],[5, 31], [6, 30],[7, 31],
                    [8, 30], [9, 30], [10, 31], [11, 27], [12, 28], [13, 31], [14, 30],
                    [15, 31], [16, 30],[17, 31], [18, 30], [19, 26], [20, 29],[21, 30],
                    [22, 29], [23, 29], [24, 31], [25, 31], [26, 29], [27, 31],
                    [28, 30], [29, 31], [30, 31], [31, 31]]

Random_64x64_.3.txt
target_point = [1, 1]
start_point_list = [[0, 62], [2, 63], [4, 61], [6, 63], [8, 62], [10, 63], [12, 62], [14, 63],
                    [16, 61], [18, 63], [20, 62], [22, 62], [24, 63], [26, 63], [28, 62],
                    [30, 61], [32, 61], [34, 63], [36, 63], [38, 61], [40, 63], [42, 62],
                    [44, 62], [46, 61], [48, 63], [50, 63], [52, 61], [54, 63],
                    [56, 63], [58, 62], [60, 62], [62, 63]]

Random_64x64_.4.txt
target_point = [1, 1]
start_point_list = [[0, 63], [2, 63], [4, 61], [6, 63], [8, 62], [10, 63], [12, 63], [14, 63],
                    [16, 61], [18, 63], [20, 62], [22, 62], [24, 63], [26, 63], [28, 62],
                    [30, 63], [32, 63], [34, 63], [36, 63], [38, 61], [40, 63], [42, 63],
                    [44, 62], [46, 63], [48, 63], [50, 63], [52, 63], [54, 63],
                    [56, 63], [58, 63], [60, 63], [62, 61]]

Random_100x100_.3.txt
target_point = [1, 1]
start_point_list = [[0, 99], [3, 99], [6, 99], [9, 99], [12, 98], [15, 98], [18, 99], [21, 99],
                    [24, 99], [27, 98], [30, 99], [33, 99], [36, 99], [39, 99], [42, 98],
                    [45, 99], [48, 99], [51, 99], [54, 99], [57, 98], [60, 99], [64, 98],
                    [67, 99], [70, 98], [73, 98], [77, 99], [81, 99], [84, 99],
                    [87, 99], [90, 99], [93, 98], [96, 99]]

Random_100x100_.4.txt
target_point = [1, 1]
start_point_list = [[0, 99], [3, 99], [6, 99], [9, 99], [12, 98], [15, 99], [18, 99], [21, 99],
                    [24, 99], [27, 98], [30, 99], [33, 99], [36, 98], [39, 98], [42, 97],
                    [45, 99], [48, 99], [51, 99], [54, 98], [57, 99], [60, 98], [64, 98],
                    [67, 99], [70, 98], [73, 98], [77, 99], [81, 99], [84, 99],
                    [87, 97], [90, 97], [93, 98], [96, 99]]

Random_500x500_.4.txt
target_point = [1, 1]
start_point_list = [[0, 498], [15, 499], [30, 499], [45, 499], [62, 499], [75, 499], [90, 499], [105, 499],
                    [120, 498], [135, 499], [150, 499], [165, 498], [180, 499], [195, 499], [210, 499],
                    [225, 499], [240, 498], [255, 499], [270, 499], [285, 499], [300, 499], [315, 499],
                    [330, 499], [345, 497], [360, 498], [375, 499], [390, 499], [405, 499],
                    [420, 499], [435, 499], [475, 498], [499, 499]]

empty_32x32.txt
target_point = [1, 1]
start_point_list = [[0, 31], [1, 31], [2, 31],[3, 31], [4, 31],[5, 31], [6, 31],[7, 31],
                    [8, 31], [9, 31], [10, 31], [11, 31], [12, 31], [13, 31], [14, 31],
                    [15, 31], [16, 31],[17, 31], [18, 31], [19, 31], [20, 31],[21, 31],
                    [22, 31], [23, 31], [24, 31], [25, 31], [26, 31], [27, 31],
                    [28, 31], [29, 31], [30, 31], [31, 31]]